  1.3000092E+03  5.0048828E-03 -5.0048828E-03  2.4487824E+00  2.4431252E-01 -2.4431205E-01  2.2312739E+00  0.0000000E+00
  1.3000242E+03  9.8876953E-03 -1.0009766E-02  2.2680349E+00  1.6750836E-01 -1.6750884E-01  2.2438369E+00  0.0000000E+00
  1.3000441E+03  1.0009766E-02 -1.0009766E-02  2.7400889E+00  1.8189836E-01 -1.8189812E-01  2.2437875E+00  0.0000000E+00
  1.3000640E+03  1.0009766E-02 -9.8876953E-03  2.2795742E+00  1.6775393E-01 -1.6775417E-01  2.2438283E+00  0.0000000E+00
  1.3000840E+03  9.8876953E-03 -1.0009766E-02  2.3082511E+00  1.6884947E-01 -1.6884947E-01  2.2431643E+00  0.0000000E+00
  1.3001038E+03  1.0009766E-02 -9.8876953E-03  2.3388176E+00  1.6959596E-01 -1.6959596E-01  2.2427046E+00  0.0000000E+00
  1.3001238E+03  1.0009766E-02 -1.0009766E-02  2.4538155E+00  1.7317319E-01 -1.7317319E-01  2.2425051E+00  0.0000000E+00
  1.3001437E+03  9.8876953E-03 -9.8876953E-03  2.1708355E+00  1.6491151E-01 -1.6491151E-01  2.2560146E+00  0.0000000E+00
  1.3001636E+03  9.8876953E-03 -1.0009766E-02  2.1539927E+00  1.6392851E-01 -1.6392851E-01  2.2407496E+00  0.0000000E+00
  1.3001835E+03  1.0009766E-02 -1.0009766E-02  2.0902553E+00  1.6185856E-01 -1.6185856E-01  2.2405145E+00  0.0000000E+00
  1.3002034E+03  1.0009766E-02 -9.8876953E-03  2.1639221E+00  1.6418576E-01 -1.6418576E-01  2.2400069E+00  0.0000000E+00
  1.3002234E+03  9.8876953E-03 -1.0009766E-02  2.1025345E+00  1.6244149E-01 -1.6244173E-01  2.2394297E+00  0.0000000E+00
  1.3002433E+03  1.0009766E-02 -1.0009766E-02  2.2828515E+00  1.6812110E-01 -1.6812110E-01  2.2395718E+00  0.0000000E+00
  1.3002632E+03  1.0009766E-02 -9.8876953E-03  2.1629355E+00  1.6423368E-01 -1.6423392E-01  2.2393317E+00  0.0000000E+00
  1.3002832E+03  9.8876953E-03 -1.0009766E-02  2.1141391E+00  1.6264987E-01 -1.6265023E-01  2.2386944E+00  0.0000000E+00
  1.3003031E+03  1.0009766E-02 -1.0009766E-02  2.3555691E+00  1.7046452E-01 -1.7046404E-01  2.2384217E+00  0.0000000E+00
  1.3003230E+03  1.0009766E-02 -9.8876953E-03  2.4264479E+00  1.7260480E-01 -1.7260432E-01  2.2376933E+00  0.0000000E+00
  1.3003430E+03  9.8876953E-03 -1.0009766E-02  2.3688335E+00  1.7081714E-01 -1.7081666E-01  2.2366581E+00  0.0000000E+00
  1.3003629E+03  1.0009766E-02 -1.0009766E-02  2.3545258E+00  1.7037535E-01 -1.7037487E-01  2.2363224E+00  0.0000000E+00
  1.3003828E+03  1.0009766E-02 -9.8876953E-03  2.4892612E+00  1.7445803E-01 -1.7445803E-01  2.2363853E+00  0.0000000E+00
  1.3004028E+03  9.8876953E-03 -1.0009766E-02  2.3367927E+00  1.6963696E-01 -1.6963720E-01  2.2352700E+00  0.0000000E+00
  1.3004226E+03  1.0009766E-02 -9.8876953E-03  2.5421848E+00  1.7678857E-01 -1.7678857E-01  2.2497375E+00  0.0000000E+00
  1.3004426E+03  9.8876953E-03 -1.0009766E-02  2.5714092E+00  1.7710638E-01 -1.7710662E-01  2.2351584E+00  0.0000000E+00
  1.3004625E+03  1.0009766E-02 -1.0009766E-02  2.7101970E+00  1.8117404E-01 -1.8117404E-01  2.2346628E+00  0.0000000E+00
  1.3004824E+03  1.0009766E-02 -9.8876953E-03  2.4959929E+00  1.7484593E-01 -1.7484617E-01  2.2340147E+00  0.0000000E+00
  1.3005024E+03  9.8876953E-03 -1.0009766E-02  2.2275355E+00  1.6629148E-01 -1.6629124E-01  2.2328775E+00  0.0000000E+00
  1.3005223E+03  1.0009766E-02 -1.0009766E-02  2.2105546E+00  1.6575146E-01 -1.6575122E-01  2.2323718E+00  0.0000000E+00
  1.3005422E+03  1.0009766E-02 -9.8876953E-03  2.5373333E+00  1.7599392E-01 -1.7599392E-01  2.2318878E+00  0.0000000E+00
  1.3005623E+03  1.0009766E-02 -1.0009766E-02  2.2347031E+00  1.6666245E-01 -1.6666245E-01  2.2313342E+00  0.0000000E+00
  1.3005822E+03  9.8876953E-03 -9.8876953E-03  2.3918312E+00  1.7227793E-01 -1.7227793E-01  2.2457559E+00  0.0000000E+00
  1.3006021E+03  9.8876953E-03 -1.0009766E-02  1.9610457E+00  1.5735316E-01 -1.5735328E-01  2.2311976E+00  0.0000000E+00
  1.3006219E+03  1.0009766E-02 -1.0009766E-02  2.4232457E+00  1.7229271E-01 -1.7229271E-01  2.2306719E+00  0.0000000E+00
  1.3006418E+03  1.0009766E-02 -9.8876953E-03  2.2440736E+00  1.6685867E-01 -1.6685867E-01  2.2297652E+00  0.0000000E+00
  1.3006619E+03  1.0009766E-02 -1.0009766E-02  2.4353056E+00  1.7322946E-01 -1.7322946E-01  2.2286675E+00  0.0000000E+00
  1.3006819E+03  9.8876953E-03 -1.0009766E-02  2.1395431E+00  1.6333246E-01 -1.6333210E-01  2.2281945E+00  0.0000000E+00
  1.3007017E+03  9.8876953E-03 -9.8876953E-03  2.1338625E+00  1.6397953E-01 -1.6397977E-01  2.2418392E+00  0.0000000E+00
  1.3007216E+03  1.0009766E-02 -1.0009766E-02  2.3024173E+00  1.6868687E-01 -1.6868711E-01  2.2273376E+00  0.0000000E+00
  1.3007415E+03  1.0009766E-02 -9.8876953E-03  2.1432261E+00  1.6356206E-01 -1.6356242E-01  2.2279396E+00  0.0000000E+00
  1.3007615E+03  1.0009766E-02 -1.0009766E-02  2.1591759E+00  1.6401958E-01 -1.6401958E-01  2.2268813E+00  0.0000000E+00
  1.3007815E+03  9.8876953E-03 -1.0009766E-02  2.2909725E+00  1.6839027E-01 -1.6839027E-01  2.2260325E+00  0.0000000E+00
  1.3008014E+03  1.0009766E-02 -1.0009766E-02  2.0992205E+00  1.6202211E-01 -1.6202164E-01  2.2247674E+00  0.0000000E+00
  1.3008213E+03  9.8876953E-03 -9.8876953E-03  2.3193562E+00  1.6985345E-01 -1.6985345E-01  2.2383380E+00  0.0000000E+00
  1.3008412E+03  1.0009766E-02 -1.0009766E-02  2.3302639E+00  1.6864324E-01 -1.6864347E-01  2.2234371E+00  0.0000000E+00
  1.3008624E+03  1.1230469E-02 -1.1230469E-02  2.2667549E+00  1.5521455E-01 -1.5521455E-01  2.2198215E+00  0.0000000E+00
  1.3008840E+03  1.0375977E-02 -1.0375977E-02  2.2036173E+00  1.6411853E-01 -1.6411877E-01  2.2288575E+00  0.0000000E+00
  1.3009043E+03  1.0009766E-02 -9.8876953E-03  2.1932287E+00  1.6224957E-01 -1.6224980E-01  2.2224722E+00  0.0000000E+00
  1.3009243E+03  9.8876953E-03 -1.0009766E-02  2.4480975E+00  1.7034507E-01 -1.7034507E-01  2.2354741E+00  0.0000000E+00
  1.3009441E+03  1.0009766E-02 -9.8876953E-03  2.1350272E+00  1.5902400E-01 -1.5902412E-01  2.2200162E+00  0.0000000E+00
  1.3009641E+03  1.0009766E-02 -1.0009766E-02  2.1722720E+00  1.5787625E-01 -1.5787673E-01  2.2192914E+00  0.0000000E+00
  1.3009841E+03  9.8876953E-03 -1.0009766E-02  2.0142758E+00  1.5155935E-01 -1.5155935E-01  2.2187183E+00  0.0000000E+00
  1.3010039E+03  1.0009766E-02 -9.8876953E-03  2.2792983E+00  1.5920162E-01 -1.5920186E-01  2.2329009E+00  0.0000000E+00
  1.3010239E+03  9.8876953E-03 -1.0009766E-02  2.2506378E+00  1.5774727E-01 -1.5774703E-01  2.2182066E+00  0.0000000E+00
  1.3010438E+03  1.0009766E-02 -1.0009766E-02  2.5390415E+00  1.6753554E-01 -1.6753507E-01  2.2171764E+00  0.0000000E+00
  1.3010637E+03  1.0009766E-02 -9.8876953E-03  2.0984261E+00  1.5589428E-01 -1.5589404E-01  2.2156272E+00  0.0000000E+00
  1.3010837E+03  9.8876953E-03 -1.0009766E-02  2.2844841E+00  1.5977621E-01 -1.5977621E-01  2.2287045E+00  0.0000000E+00
  1.3011035E+03  1.0009766E-02 -9.8876953E-03  2.5672290E+00  1.6962814E-01 -1.6962838E-01  2.2137117E+00  0.0000000E+00
  1.3011235E+03  1.0009766E-02 -1.0009766E-02  2.2808089E+00  1.6162515E-01 -1.6162467E-01  2.2139890E+00  0.0000000E+00
  1.3011436E+03  1.0009766E-02 -1.0009766E-02  2.0116515E+00  1.5390229E-01 -1.5390265E-01  2.2129638E+00  0.0000000E+00
  1.3011635E+03  9.8876953E-03 -9.8876953E-03  2.1415651E+00  1.5798593E-01 -1.5798604E-01  2.2260697E+00  0.0000000E+00
  1.3011833E+03  1.0009766E-02 -1.0009766E-02  2.3016083E+00  1.6034889E-01 -1.6034889E-01  2.2101829E+00  0.0000000E+00
  1.3012034E+03  9.8876953E-03 -1.0009766E-02  2.0870605E+00  1.4977574E-01 -1.4977574E-01  2.2085822E+00  0.0000000E+00
  1.3012231E+03  1.0009766E-02 -9.8876953E-03  2.0379527E+00  1.4934564E-01 -1.4934576E-01  2.2216547E+00  0.0000000E+00
  1.3012432E+03  9.8876953E-03 -1.0009766E-02  2.6499066E+00  1.7267871E-01 -1.7267871E-01  2.2069716E+00  0.0000000E+00
  1.3012631E+03  1.0009766E-02 -1.0009766E-02  2.1119494E+00  1.5302229E-01 -1.5302217E-01  2.2062688E+00  0.0000000E+00
  1.3012830E+03  1.0009766E-02 -9.8876953E-03  2.2004950E+00  1.5703893E-01 -1.5703893E-01  2.2047384E+00  0.0000000E+00
  1.3013030E+03  9.8876953E-03 -1.0009766E-02  2.0090430E+00  1.5257263E-01 -1.5257275E-01  2.2166409E+00  0.0000000E+00
  1.3013229E+03  1.0009766E-02 -1.0009766E-02  2.1912670E+00  1.5899491E-01 -1.5899515E-01  2.2005966E+00  0.0000000E+00
  1.3013428E+03  1.0009766E-02 -9.8876953E-03  2.0471814E+00  1.5542936E-01 -1.5542936E-01  2.1991253E+00  0.0000000E+00
  1.3013628E+03  9.8876953E-03 -1.0009766E-02  2.4272768E+00  1.7014408E-01 -1.7014408E-01  2.2122405E+00  0.0000000E+00
  1.3013826E+03  1.0009766E-02 -9.8876953E-03  2.3396125E+00  1.6746998E-01 -1.6746926E-01  2.1966941E+00  0.0000000E+00
  1.3014026E+03  1.0009766E-02 -1.0009766E-02  2.1118596E+00  1.6257977E-01 -1.6257954E-01  2.1940975E+00  0.0000000E+00
  1.3014226E+03  9.8876953E-03 -1.0009766E-02  2.0223732E+00  1.6004109E-01 -1.6004109E-01  2.2051320E+00  0.0000000E+00
  1.3014424E+03  1.0009766E-02 -9.8876953E-03  2.3342471E+00  1.6996765E-01 -1.6996789E-01  2.1884942E+00  0.0000000E+00
  1.3014624E+03  9.8876953E-03 -1.0009766E-02  1.9226638E+00  1.5688026E-01 -1.5688014E-01  2.2002521E+00  0.0000000E+00
  1.3014823E+03  1.0009766E-02 -1.0009766E-02  2.2255630E+00  1.6656208E-01 -1.6656208E-01  2.1840429E+00  0.0000000E+00
  1.3015022E+03  1.0009766E-02 -9.8876953E-03  2.1533937E+00  1.6421056E-01 -1.6421092E-01  2.1812708E+00  0.0000000E+00
  1.3015222E+03  9.8876953E-03 -1.0009766E-02  2.2257340E+00  1.6733456E-01 -1.6733456E-01  2.1901095E+00  0.0000000E+00
  1.3015420E+03  1.0009766E-02 -9.8876953E-03  2.0815790E+00  1.6187572E-01 -1.6187489E-01  2.1713629E+00  0.0000000E+00
  1.3015620E+03  1.0009766E-02 -1.0009766E-02  1.9427940E+00  1.5711963E-01 -1.5711951E-01  2.1666586E+00  0.0000000E+00
  1.3015820E+03  9.8876953E-03 -1.0009766E-02  1.9874715E+00  1.5904272E-01 -1.5904260E-01  2.1752064E+00  0.0000000E+00
  1.3016018E+03  1.0009766E-02 -9.8876953E-03  2.0001643E+00  1.5921950E-01 -1.5921974E-01  2.1526287E+00  0.0000000E+00
  1.3016218E+03  9.8876953E-03 -1.0009766E-02  1.8597411E+00  1.5467727E-01 -1.5467727E-01  2.1478503E+00  0.0000000E+00
  1.3016417E+03  1.0009766E-02 -1.0009766E-02  1.6473607E+00  1.4654064E-01 -1.4654064E-01  2.0882108E+00  0.0000000E+00
  1.3016628E+03  1.1230469E-02 -1.1108398E-02  1.3977945E+00  1.2739050E-01 -1.2739050E-01  1.9550809E+00  0.0000000E+00
  1.3016844E+03  1.0375977E-02 -1.0375977E-02  8.9263195E-01  1.1391538E-01 -1.1391526E-01  1.6304457E+00  0.0000000E+00
  1.3017048E+03  1.0009766E-02 -1.0009766E-02  7.6369905E-01  1.0628772E-01 -1.0628766E-01  1.0783110E+00  0.0000000E+00
  1.3017249E+03  1.0009766E-02 -1.0009766E-02  4.8840731E-01  8.8202417E-02 -8.8202447E-02  5.0433695E-01  0.0000000E+00
  1.3017448E+03  9.8876953E-03 -9.8876953E-03  3.3597353E-01  7.6050639E-02 -7.6050609E-02  1.4498857E-01  0.0000000E+00
  1.3017646E+03  1.0009766E-02 -1.0009766E-02  2.9269674E-01  7.2349250E-02 -7.2349250E-02  2.2401992E-02  0.0000000E+00
  1.3017847E+03  9.8876953E-03 -1.0009766E-02  2.6470077E-01  6.9894254E-02 -6.9894239E-02  1.7414670E-03  0.0000000E+00
  1.3018044E+03  1.0009766E-02 -9.8876953E-03  7.1705982E-02  5.0938852E-02 -5.0938852E-02  6.1756502E-05  0.0000000E+00
  1.3018245E+03  9.8876953E-03 -1.0009766E-02  7.1386553E-02  5.1429078E-02 -5.1429085E-02  9.6362339E-07  0.0000000E+00
  1.3018444E+03  1.0009766E-02 -1.0009766E-02  1.2112047E-01  5.4080471E-02 -5.4080471E-02  5.6513834E-09  0.0000000E+00
  1.3018643E+03  9.8876953E-03 -9.8876953E-03  1.0257888E-01  4.7664315E-02 -4.7664311E-02  2.9878736E-12  0.0000000E+00
  1.3018842E+03  1.0009766E-02 -1.0009766E-02  6.1246205E-02  4.5866203E-02 -4.5866214E-02  3.4527615E-18  0.0000000E+00
  1.3019042E+03  1.0009766E-02 -1.0009766E-02  4.1541994E-02  4.5494810E-02 -4.5494810E-02  1.2465550E-30  0.0000000E+00
  1.3019241E+03  1.0009766E-02 -9.8876953E-03  7.2001703E-02  4.3561451E-02 -4.3561436E-02  0.0000000E+00  0.0000000E+00
  1.3019441E+03  9.8876953E-03 -1.0009766E-02  3.1376712E-02  4.6813466E-02 -4.6813458E-02  0.0000000E+00  0.0000000E+00
  1.3019639E+03  1.0009766E-02 -9.8876953E-03  7.1929432E-02  4.5540296E-02 -4.5540303E-02  0.0000000E+00  0.0000000E+00
  1.3019839E+03  1.0009766E-02 -1.0009766E-02  5.0510019E-02  3.9356217E-02 -3.9356209E-02  0.0000000E+00  0.0000000E+00
  1.3020039E+03  9.8876953E-03 -1.0009766E-02  8.1160896E-02  4.3056503E-02 -4.3056518E-02  0.0000000E+00  0.0000000E+00
  1.3020237E+03  1.0009766E-02 -9.8876953E-03  5.1184986E-02  4.3357920E-02 -4.3357912E-02  0.0000000E+00  0.0000000E+00
  1.3020437E+03  9.8876953E-03 -1.0009766E-02  1.0164120E-01  5.4643266E-02 -5.4643262E-02  0.0000000E+00  0.0000000E+00
  1.3020636E+03  1.0009766E-02 -1.0009766E-02  1.0729382E-03  3.6772728E-02 -3.6772732E-02  0.0000000E+00  0.0000000E+00
  1.3020835E+03  1.0009766E-02 -9.8876953E-03  1.0241465E-01  4.7079086E-02 -4.7079094E-02  0.0000000E+00  0.0000000E+00
  1.3021035E+03  1.0009766E-02 -1.0009766E-02  6.1319366E-02  4.6834663E-02 -4.6834666E-02  0.0000000E+00  0.0000000E+00
  1.3021234E+03  9.8876953E-03 -9.8876953E-03  5.1079072E-02  4.7508009E-02 -4.7508013E-02  0.0000000E+00  0.0000000E+00
  1.3021433E+03  1.0009766E-02 -1.0009766E-02  1.5122595E-01  5.4765850E-02 -5.4765835E-02  9.9481343E-23  0.0000000E+00
  1.3021633E+03  9.8876953E-03 -1.0009766E-02  2.0440333E-01  6.2914506E-02 -6.2914506E-02  5.9428096E-14  0.0000000E+00
  1.3021832E+03  1.0009766E-02 -1.0009766E-02  1.4181036E-01  5.8021367E-02 -5.8021374E-02  1.3151756E-09  0.0000000E+00
  1.3022031E+03  9.8876953E-03 -9.8876953E-03  2.1227883E-01  6.2487438E-02 -6.2487423E-02  2.9153773E-07  0.0000000E+00
  1.3022229E+03  1.0009766E-02 -9.8876953E-03  1.8030338E-01  6.2309623E-02 -6.2309571E-02  2.3481847E-05  0.0000000E+00
  1.3022429E+03  1.0009766E-02 -1.0009766E-02  4.5365706E-01  8.5890025E-02 -8.5890055E-02  8.0170203E-04  0.0000000E+00
  1.3022629E+03  9.8876953E-03 -1.0009766E-02  3.9631540E-01  8.1685662E-02 -8.1685632E-02  1.2587465E-02  0.0000000E+00
  1.3022828E+03  1.0009766E-02 -1.0009766E-02  7.1577638E-01  1.0374296E-01 -1.0374296E-01  9.5065773E-02  0.0000000E+00
  1.3023027E+03  1.0009766E-02 -9.8876953E-03  9.8650420E-01  1.1828887E-01 -1.1828887E-01  3.8642997E-01  0.0000000E+00
  1.3023228E+03  9.8876953E-03 -1.0009766E-02  1.1859694E+00  1.2767768E-01 -1.2767756E-01  9.1897303E-01  0.0000000E+00
  1.3023425E+03  1.0009766E-02 -9.8876953E-03  1.5885185E+00  1.4473712E-01 -1.4473689E-01  1.4944483E+00  0.0000000E+00
  1.3023625E+03  1.0009766E-02 -1.0009766E-02  1.8049130E+00  1.5242016E-01 -1.5241981E-01  1.8607910E+00  0.0000000E+00
  1.3023826E+03  9.8876953E-03 -1.0009766E-02  1.6961489E+00  1.4921510E-01 -1.4921486E-01  2.0502536E+00  0.0000000E+00
  1.3024023E+03  1.0009766E-02 -9.8876953E-03  1.8362412E+00  1.5413606E-01 -1.5413618E-01  2.1190281E+00  0.0000000E+00
  1.3024224E+03  1.0009766E-02 -1.0009766E-02  1.8592181E+00  1.5435624E-01 -1.5435600E-01  2.1315944E+00  0.0000000E+00
  1.3024423E+03  9.8876953E-03 -9.8876953E-03  2.0785758E+00  1.6265321E-01 -1.6265309E-01  2.1558528E+00  0.0000000E+00
  1.3024622E+03  1.0009766E-02 -1.0009766E-02  1.8999776E+00  1.5581858E-01 -1.5581870E-01  2.1472964E+00  0.0000000E+00
  1.3024822E+03  9.8876953E-03 -1.0009766E-02  2.0923352E+00  1.6285610E-01 -1.6285634E-01  2.1658607E+00  0.0000000E+00
  1.3025020E+03  1.0009766E-02 -9.8876953E-03  2.1086361E+00  1.6351199E-01 -1.6351199E-01  2.1707311E+00  0.0000000E+00
  1.3025220E+03  1.0009766E-02 -1.0009766E-02  2.2227755E+00  1.6693115E-01 -1.6693091E-01  2.1599810E+00  0.0000000E+00
  1.3025420E+03  9.8876953E-03 -1.0009766E-02  2.3772554E+00  1.7229772E-01 -1.7229748E-01  2.1754506E+00  0.0000000E+00
  1.3025619E+03  1.0009766E-02 -1.0009766E-02  2.1790266E+00  1.6558838E-01 -1.6558838E-01  2.1639805E+00  0.0000000E+00
  1.3025818E+03  1.0009766E-02 -9.8876953E-03  1.9888713E+00  1.5938497E-01 -1.5938497E-01  2.1810727E+00  0.0000000E+00
  1.3026018E+03  9.8876953E-03 -1.0009766E-02  2.3597445E+00  1.7192602E-01 -1.7192626E-01  2.1827636E+00  0.0000000E+00
  1.3026216E+03  1.0009766E-02 -9.8876953E-03  2.3925712E+00  1.7222714E-01 -1.7222738E-01  2.1698351E+00  0.0000000E+00
  1.3026416E+03  9.8876953E-03 -1.0009766E-02  2.2046869E+00  1.6676974E-01 -1.6676950E-01  2.1847513E+00  0.0000000E+00
  1.3026614E+03  1.0009766E-02 -9.8876953E-03  2.4767909E+00  1.7563415E-01 -1.7563391E-01  2.1870780E+00  0.0000000E+00
  1.3026814E+03  1.0009766E-02 -1.0009766E-02  2.6094949E+00  1.7902231E-01 -1.7902231E-01  2.1740973E+00  0.0000000E+00
  1.3027014E+03  9.8876953E-03 -1.0009766E-02  2.3015313E+00  1.6988444E-01 -1.6988420E-01  2.1878371E+00  0.0000000E+00
  1.3027212E+03  1.0009766E-02 -9.8876953E-03  1.8796591E+00  1.5582597E-01 -1.5582609E-01  2.1886888E+00  0.0000000E+00
  1.3027412E+03  1.0009766E-02 -1.0009766E-02  1.9954839E+00  1.5915322E-01 -1.5915346E-01  2.1766038E+00  0.0000000E+00
  1.3027612E+03  9.8876953E-03 -1.0009766E-02  2.1326308E+00  1.6462183E-01 -1.6462219E-01  2.1910131E+00  0.0000000E+00
  1.3027810E+03  1.0009766E-02 -9.8876953E-03  2.0880995E+00  1.6277003E-01 -1.6276968E-01  2.1904213E+00  0.0000000E+00
  1.3027960E+03  5.0048828E-03 -5.0048828E-03  2.3422356E+00  2.4073005E-01 -2.4072981E-01  2.1631911E+00  0.0000000E+00
